10
4
71 51 30 1
29 63 32 93
84 94 33 21
56 40 80 31
15
6 82 3 49 62 7 6 24 71 22 44 86 92 30 87
74 57 96 30 5 93 64 46 42 35 65 81 9 84 50
66 50 51 74 90 94 22 46 10 14 2 100 61 97 19
95 37 82 57 35 41 72 1 81 27 92 60 73 89 83
51 31 77 66 27 48 23 0 11 72 42 56 54 11 51
78 37 34 40 14 5 40 75 11 20 33 87 37 14 19
39 17 95 19 76 87 1 52 27 53 71 11 13 65 84
8 23 98 29 42 21 42 88 40 49 51 36 77 85 30
65 56 97 70 82 35 91 92 100 94 36 50 43 93 46
35 88 9 57 32 69 100 62 91 57 52 45 34 98 79
76 91 91 2 34 89 97 77 80 61 73 10 95 52 87
84 11 33 31 37 56 4 72 12 89 71 64 23 24 56
30 1 53 71 72 58 14 44 4 0 7 56 19 62 98
92 21 3 81 70 32 76 36 97 46 18 99 39 39 42
41 15 81 21 32 69 96 55 58 34 77 0 79 39 48
1
32
8
15 16 93 35 43 17 18 94
50 27 69 69 46 71 65 60
88 8 28 70 52 87 40 47
38 32 75 49 73 23 95 94
94 93 18 5 72 72 4 50
77 62 43 32 76 57 12 12
28 87 91 46 23 59 7 88
60 97 79 21 28 40 71 21
9
17 51 35 74 53 48 55 5 2
23 24 20 10 14 92 91 60 3
39 27 35 29 4 17 82 58 75
58 33 29 71 60 6 48 51 91
82 98 1 19 56 32 59 69 20
48 9 84 61 29 90 69 66 81
84 85 42 52 37 32 54 37 24
30 79 47 79 54 24 23 56 52
32 73 72 63 83 61 99 84 79
5
41 6 56 19 15
42 7 60 25 46
60 58 35 31 75
78 96 60 34 13
68 97 19 84 1
14
4 48 36 33 24 82 57 25 89 95 83 82 49 95
13 90 11 9 17 76 34 61 11 91 3 33 90 5
41 98 12 12 70 97 48 21 95 55 33 54 30 6
78 67 10 40 70 42 71 1 15 90 28 48 12 68
21 12 57 15 73 53 41 10 19 93 6 81 20 77
0 12 78 7 12 18 60 33 39 99 4 57 96 80
52 61 43 11 60 37 54 66 18 12 22 31 72 3
80 82 38 35 47 40 24 94 73 38 65 22 70 73
70 34 45 0 30 45 71 80 9 73 6 45 29 53
44 8 68 37 95 54 68 37 0 72 0 66 37 82
33 28 26 16 21 64 17 43 37 90 22 1 8 0
84 32 71 12 53 33 91 55 70 89 7 27 44 26
68 44 36 8 83 52 83 20 73 60 82 75 50 18
65 7 22 35 89 14 24 60 7 25 31 67 47 34
13
80 3 25 40 34 44 50 69 69 98 24 82 31
65 55 22 93 4 4 0 3 80 44 74 4 37
31 22 23 46 19 22 46 71 6 56 84 70 17
49 9 21 62 44 53 57 60 51 59 65 66 19
58 69 14 15 93 35 46 24 84 28 80 41 27
2 1 57 64 88 50 50 70 22 12 16 61 14
69 69 97 13 25 57 66 67 62 8 73 36 20
91 4 36 64 0 7 41 90 31 60 68 29 18
1 28 38 88 44 69 74 89 95 41 35 2 16
15 84 82 88 79 28 45 60 56 79 48 66 15
37 8 34 10 41 2 9 95 22 42 51 10 39
16 45 60 83 45 84 75 10 29 47 89 1 47
31 32 40 35 66 12 91 82 57 33 54 4 33
15
75 95 17 6 100 32 93 76 8 76 26 66 24 90 16
31 74 80 53 48 11 28 94 5 31 65 23 67 9 48
8 96 61 42 7 99 27 78 20 88 3 73 88 88 22
35 3 5 94 73 60 61 21 91 73 49 17 11 23 50
60 21 95 52 76 43 82 24 99 2 91 35 58 82 15
56 52 0 60 69 45 65 36 35 89 24 20 39 29 16
41 2 73 75 53 100 100 78 19 56 37 80 97 75 73
77 0 31 10 77 19 15 26 81 57 50 41 23 73 87
89 72 70 62 53 49 45 10 82 12 38 11 26 83 65
60 62 95 35 88 65 70 31 86 24 35 62 46 32 21
23 19 70 79 18 91 4 8 59 3 21 48 96 46 27
4 57 52 17 60 4 42 42 53 46 72 87 0 5 96
15 24 61 97 41 74 37 80 33 65 13 4 64 93 47
66 26 73 38 25 48 7 24 72 19 62 68 15 1 23
58 83 4 47 23 12 85 46 35 62 24 95 100 74 31
2
87 34
30 88
